#Comparision Operators
5 > 6
5 < 6
5 <= 6
5 >=5
2 == 3
2 = 3
2! = 4
2 != 4
2 != 2
2 == 2
v <- 2
v
v < -1
v <-1
my.var <- 2
my.var < -10
my.var <- 10
my.var
v <- c(1, 2, 3, 4, 5)
v < 2

v == 3
v
v2 <- c(10, 20, 30 , 40, 50)
v < v2
